50609964548656869507
96454506098656869507
86568506099645469507
50609865689645469507
96454865685060969507
86568964545060969507
86568964546950750609
96454865686950750609
69507865689645450609
86568695079645450609
96454695078656850609
69507964548656850609
69507506098656896454
50609695078656896454
86568695075060996454
69507865685060996454
50609865686950796454
86568506096950796454
96454506096950786568
50609964546950786568
69507964545060986568
96454695075060986568
50609695079645486568
69507506099645486568
